10 0.700195 0.074219 0.708984 0.076172 0.705078 0.092773 0.697266 0.087891
10 0.719727 0.080078 0.726562 0.082031 0.72168 0.098633 0.713867 0.095703
10 0.642578 0.236328 0.632812 0.231445 0.641602 0.216797 0.651367 0.219727
10 0.71582 0.125 0.717773 0.119141 0.736328 0.125977 0.732422 0.132812
10 0.751953 0.140625 0.754883 0.133789 0.769531 0.140625 0.765625 0.147461
10 0.787109 0.15625 0.790039 0.149414 0.807617 0.157227 0.803711 0.164062
10 0.679688 0.119141 0.688477 0.121094 0.680664 0.137695 0.674805 0.133789
10 0.69043 0.123047 0.697266 0.126953 0.689453 0.141602 0.683594 0.137695
10 0.694336 0.136719 0.701172 0.137695 0.695312 0.15332 0.689453 0.150391
10 0.895508 0.121094 0.898438 0.114258 0.916016 0.121094 0.911133 0.12793
10 0.902344 0.110352 0.904297 0.103516 0.922852 0.112305 0.919922 0.119141
10 0.913086 0.092773 0.916992 0.085938 0.932617 0.094727 0.927734 0.101562
10 0.835938 0.275391 0.84375 0.279297 0.835938 0.295898 0.829102 0.291016
10 0.772461 0.34082 0.777344 0.342773 0.770508 0.358398 0.766602 0.354492
10 0.780273 0.345703 0.786133 0.348633 0.780273 0.361328 0.774414 0.359375
10 0.803711 0.352539 0.810547 0.355469 0.803711 0.367188 0.797852 0.363281
10 0.981445 0.060547 0.987305 0.063477 0.982422 0.078125 0.975586 0.075195
10 0.624023 0.300781 0.616211 0.297852 0.624023 0.28418 0.630859 0.287109
10 0.614258 0.296875 0.608398 0.294922 0.615234 0.280273 0.621094 0.282227
10 0.598633 0.332031 0.592773 0.329102 0.599609 0.316406 0.606445 0.320312
