10 0.579097 0.325518 0.581677 0.326245 0.579355 0.329517 0.577548 0.32879
10 0.377806 0.387314 0.379871 0.387677 0.379355 0.389858 0.37729 0.389495
10 0.289548 0.293166 0.290581 0.292076 0.29471 0.293348 0.293935 0.294438
10 0.042065 0.338604 0.042323 0.340058 0.037677 0.339331 0.038452 0.338059
10 0.059613 0.330062 0.059613 0.331334 0.054452 0.331334 0.054452 0.32988
10 0.048516 0.332061 0.043871 0.331879 0.044129 0.333697 0.048774 0.333697
10 0.025548 0.410578 0.024516 0.411305 0.020645 0.409124 0.021419 0.408033
10 0.060129 0.452017 0.058323 0.452563 0.056774 0.449291 0.058839 0.448928
10 0.048 0.456379 0.046194 0.456743 0.044387 0.453108 0.046194 0.452744
10 0.298839 0.208106 0.299355 0.206652 0.30529 0.208106 0.304258 0.209378
10 0.296774 0.213377 0.29729 0.211741 0.301935 0.212832 0.300903 0.214104
10 0.295484 0.215194 0.296516 0.21374 0.300645 0.214831 0.300129 0.216285
10 0.295484 0.216467 0.296258 0.215376 0.300645 0.216285 0.300129 0.217557
10 0.293677 0.219738 0.294194 0.218648 0.298065 0.219557 0.297548 0.220647
10 0.292387 0.221374 0.293161 0.21992 0.297032 0.221192 0.296516 0.222283
10 0.291355 0.226827 0.291871 0.225736 0.295742 0.226463 0.295484 0.227735
10 0.290323 0.228462 0.291355 0.227554 0.294968 0.228644 0.294452 0.229916
10 0.286452 0.209742 0.287484 0.20847 0.290839 0.209924 0.289806 0.210832
10 0.285419 0.211378 0.286194 0.210287 0.289548 0.211378 0.288774 0.212468
10 0.292129 0.306798 0.293161 0.305525 0.297032 0.306616 0.296258 0.307706
9 0.384774 0.729371 0.384258 0.731189 0.374452 0.729553 0.375226 0.727372
0 0.935484 0.496365 0.922581 0.518902 0.893161 0.51036 0.907097 0.488913
9 0.291871 0.665213 0.288774 0.664849 0.289032 0.660305 0.291871 0.660124
10 0.138839 0.62868 0.140129 0.627408 0.143742 0.62868 0.142452 0.630134
9 0.221677 0.686114 0.223742 0.684842 0.226839 0.687205 0.224774 0.688295
9 0.224258 0.684297 0.22529 0.683206 0.229419 0.685569 0.228129 0.686478
9 0.226065 0.682661 0.227871 0.681752 0.231226 0.684115 0.229677 0.684842
9 0.248774 0.67012 0.250839 0.669029 0.253419 0.672301 0.251097 0.673573
9 0.251355 0.668666 0.253935 0.667757 0.257032 0.671574 0.25471 0.672664
9 0.257548 0.666848 0.259871 0.666121 0.26271 0.669756 0.260129 0.670665
9 0.411355 0.695747 0.413935 0.696656 0.411097 0.700473 0.408516 0.699382
10 0.283355 0.269357 0.285161 0.26972 0.284387 0.273173 0.282065 0.27281
9 0.580387 0.543257 0.581161 0.541985 0.586581 0.543439 0.585548 0.544711
9 0.580387 0.541258 0.580903 0.53944 0.587871 0.541258 0.586839 0.542893
9 0.581419 0.538895 0.582194 0.537259 0.589419 0.539258 0.588129 0.540894
9 0.538065 0.671392 0.538065 0.669575 0.547355 0.669393 0.547355 0.671574
9 0.541677 0.695202 0.544 0.69502 0.544258 0.6992 0.541935 0.6992
10 0.275871 0.274264 0.273806 0.273355 0.275613 0.270629 0.277419 0.271174
10 0.283355 0.276263 0.285161 0.275718 0.287226 0.278808 0.285161 0.279171
10 0.284387 0.213377 0.285161 0.212286 0.288516 0.213013 0.288 0.214286
10 0.280258 0.220647 0.280774 0.219557 0.285161 0.220829 0.284645 0.221738
10 0.279484 0.222646 0.279742 0.221192 0.284645 0.222101 0.283613 0.223555
10 0.242065 0.259178 0.244129 0.259905 0.242581 0.261905 0.240774 0.261541
10 0.210323 0.223373 0.207742 0.22301 0.210065 0.220465 0.211871 0.221011
10 0.212645 0.223737 0.210323 0.223192 0.212129 0.221374 0.214194 0.221738
10 0.26271 0.264813 0.264516 0.26554 0.26271 0.268266 0.261161 0.268084
10 0.255742 0.263177 0.257806 0.263904 0.256 0.266449 0.254194 0.265903
10 0.250839 0.261723 0.252387 0.262268 0.250581 0.265176 0.248774 0.264631
10 0.248 0.261178 0.250065 0.261905 0.248774 0.264086 0.247226 0.263541
10 0.245935 0.260269 0.248 0.260451 0.24671 0.262995 0.244645 0.262632
10 0.258065 0.272446 0.258065 0.271538 0.26271 0.272446 0.261419 0.273537
10 0.204903 0.222101 0.202839 0.221192 0.206194 0.21883 0.207742 0.219738
10 0.250065 0.270084 0.250581 0.268993 0.254452 0.270084 0.253935 0.270992
10 0.243613 0.268448 0.243871 0.267357 0.247742 0.268266 0.247226 0.269538
10 0.238194 0.266994 0.239226 0.265358 0.242581 0.26663 0.241548 0.267903
10 0.230452 0.264631 0.231226 0.263722 0.235355 0.264631 0.234581 0.265903
10 0.316129 0.267176 0.314323 0.26663 0.315613 0.264268 0.317677 0.264631
10 0.311226 0.266267 0.309419 0.265903 0.311226 0.262814 0.312774 0.263359
10 0.286968 0.235732 0.287742 0.23446 0.291613 0.235732 0.291097 0.237005
10 0.20671 0.222828 0.205161 0.221556 0.208 0.219738 0.209806 0.220465
10 0.222968 0.238095 0.225032 0.23864 0.223484 0.241549 0.221419 0.240822
10 0.277935 0.2241 0.279226 0.22301 0.283613 0.223919 0.282839 0.225373
10 0.258065 0.22301 0.256516 0.222283 0.258065 0.219557 0.260129 0.220102
10 0.279484 0.229008 0.277677 0.228281 0.279484 0.225736 0.28129 0.226281
10 0.274065 0.227554 0.272 0.226827 0.273548 0.224464 0.275871 0.224827
10 0.270968 0.227008 0.269419 0.226463 0.271226 0.223555 0.273548 0.224282
10 0.268903 0.226281 0.266839 0.225554 0.268903 0.222828 0.270968 0.223555
10 0.266323 0.225554 0.264258 0.225009 0.266323 0.222283 0.268387 0.223192
10 0.263226 0.224646 0.261419 0.223737 0.263226 0.221192 0.265548 0.221738
10 0.260387 0.223737 0.258065 0.223192 0.260645 0.220284 0.26271 0.220829
10 0.255742 0.222283 0.254194 0.221738 0.255742 0.219011 0.257806 0.219738
10 0.225032 0.234642 0.226581 0.235187 0.225032 0.23755 0.223484 0.237005
10 0.253935 0.221738 0.251871 0.221011 0.253419 0.218103 0.255484 0.218648
10 0.251613 0.221374 0.250065 0.220647 0.251613 0.217921 0.253419 0.218466
10 0.249548 0.220284 0.246968 0.219738 0.249032 0.217194 0.251613 0.217921
10 0.239484 0.231916 0.240516 0.230825 0.244387 0.231916 0.243613 0.23337
10 0.24 0.24064 0.239484 0.242276 0.234839 0.241549 0.235355 0.240276
10 0.237419 0.244093 0.236645 0.245729 0.233032 0.245002 0.233548 0.243548
10 0.226581 0.230825 0.228645 0.23137 0.226839 0.233915 0.225032 0.233551
10 0.271742 0.551436 0.269935 0.550164 0.272774 0.547801 0.274581 0.548891
10 0.38529 0.380589 0.387355 0.381134 0.386323 0.384224 0.384 0.383679
10 0.37471 0.417485 0.376774 0.417666 0.376 0.420756 0.373935 0.420574
10 0.374968 0.333697 0.376516 0.333333 0.378065 0.335333 0.376258 0.335878
9 0.917677 0.219557 0.920258 0.21992 0.91871 0.2241 0.916129 0.223192
9 0.713032 0.407852 0.715097 0.407125 0.719742 0.410033 0.717677 0.411305
9 0.886968 0.618321 0.889032 0.616321 0.899097 0.619593 0.897548 0.621956
9 0.861935 0.661578 0.863742 0.65976 0.872516 0.66285 0.870452 0.664849
9 0.821935 0.755725 0.824516 0.75627 0.819355 0.764086 0.816516 0.763177
9 0.739613 0.774809 0.740645 0.772446 0.752516 0.775718 0.751484 0.778444
10 0.164129 0.311341 0.163355 0.310069 0.16671 0.308615 0.167742 0.310069
10 0.185032 0.013813 0.187355 0.014177 0.186323 0.017266 0.184258 0.016358
10 0.190194 0.014904 0.192 0.015267 0.19071 0.018357 0.188645 0.017812
10 0.169806 0.043984 0.167226 0.043075 0.169548 0.040349 0.172129 0.040894
10 0.189161 0.023264 0.189677 0.022174 0.194581 0.023446 0.193548 0.024718
10 0.19871 0.026172 0.199484 0.0249 0.203355 0.026172 0.202323 0.027445
10 0.208 0.02908 0.208774 0.027808 0.213419 0.029262 0.212387 0.030534
10 0.179613 0.022174 0.181935 0.022537 0.179871 0.025627 0.178323 0.0249
10 0.182452 0.022901 0.184258 0.023628 0.182194 0.026354 0.180645 0.025627
10 0.183484 0.025445 0.18529 0.025627 0.183742 0.028535 0.182194 0.02799
10 0.236645 0.022537 0.237419 0.021265 0.242065 0.022537 0.240774 0.02381
9 0.913548 0.21992 0.916129 0.220829 0.914323 0.225373 0.912 0.224646
9 0.910968 0.21883 0.912774 0.219193 0.91071 0.224646 0.908645 0.223555
9 0.924387 0.219557 0.927484 0.220647 0.924129 0.225918 0.92129 0.224464
0 0.757677 0.196656 0.745032 0.217557 0.717935 0.209378 0.731613 0.189749
0 0.176258 0.780443 0.189419 0.760087 0.222968 0.768266 0.211613 0.789713
0 0.205935 0.731916 0.216774 0.711559 0.251871 0.720829 0.23871 0.741912
0 0.23871 0.691748 0.266065 0.680116 0.285419 0.703199 0.260903 0.714104
0 0.418065 0.724646 0.423226 0.746456 0.397161 0.750818 0.389419 0.728462
0 0.389161 0.824427 0.374968 0.844965 0.349419 0.837695 0.362323 0.816976
0 0.561806 0.619048 0.573161 0.598873 0.610065 0.609233 0.595871 0.62868
0 0.672 0.319702 0.644129 0.323882 0.636129 0.2988 0.663484 0.293893
0 0.773677 0.166667 0.745806 0.158851 0.757935 0.139222 0.78529 0.147764
9 0.928516 0.221011 0.931355 0.221556 0.928258 0.22719 0.925161 0.226463
0 0.498581 0.225554 0.509935 0.206834 0.54529 0.216467 0.533161 0.236823
0 0.784516 0.753362 0.771097 0.772446 0.739613 0.763541 0.751484 0.743548
0 0.834581 0.687932 0.827613 0.699564 0.805161 0.693748 0.812903 0.681207
0 0.863742 0.639767 0.855484 0.651581 0.833806 0.645038 0.841806 0.633043
0 0.892387 0.587786 0.882065 0.605961 0.861935 0.599418 0.874065 0.582697
0 0.693161 0.712468 0.680258 0.691748 0.713548 0.682661 0.727742 0.702654
9 0.929548 0.229371 0.931097 0.231916 0.921548 0.233551 0.92 0.230825
10 0.238452 0.020538 0.238968 0.019266 0.243871 0.020901 0.243097 0.022174
10 0.24129 0.017266 0.242323 0.015994 0.246452 0.01763 0.245161 0.018902
10 0.220903 0.051254 0.222968 0.051981 0.220903 0.055071 0.219097 0.054162
9 0.370065 0.353144 0.372129 0.352781 0.372903 0.355871 0.370581 0.356052
10 0.282065 0.544348 0.284387 0.545256 0.281806 0.548346 0.279484 0.547074
10 0.261677 0.556888 0.263742 0.558161 0.260645 0.560523 0.258839 0.558888
10 0.207226 0.57779 0.206452 0.579244 0.202065 0.577972 0.203097 0.576518
10 0.238968 0.569975 0.24 0.571065 0.235871 0.572701 0.234839 0.571247
9 0.049032 0.490912 0.051355 0.490367 0.052387 0.494911 0.050065 0.495093
10 0.058065 0.474373 0.059613 0.474191 0.060387 0.477281 0.058581 0.477644
10 0.056774 0.48237 0.058839 0.482007 0.059355 0.485278 0.05729 0.485642
10 0.297548 0.321883 0.299613 0.320974 0.301935 0.323337 0.299871 0.324064
10 0.277677 0.540167 0.279226 0.540894 0.276645 0.543621 0.274839 0.54253
10 0.386323 0.375863 0.388903 0.376227 0.387871 0.379135 0.385806 0.37859
10 0.386065 0.356052 0.388387 0.355871 0.388903 0.358233 0.386065 0.358597
10 0.386581 0.360596 0.388903 0.360414 0.389161 0.363141 0.387097 0.363504
10 0.385548 0.344238 0.387871 0.343875 0.388645 0.346965 0.386065 0.347328
10 0.381419 0.356598 0.383484 0.356416 0.383484 0.35896 0.381419 0.35896
10 0.384774 0.392039 0.386323 0.393312 0.384 0.395493 0.382452 0.394766
10 0.377032 0.356052 0.379871 0.355689 0.379613 0.358233 0.376774 0.358415
10 0.290839 0.544166 0.292387 0.545075 0.290065 0.547619 0.288258 0.546529
10 0.32129 0.488731 0.323613 0.489277 0.322065 0.492366 0.319742 0.491458
10 0.204129 0.063431 0.205419 0.063795 0.203613 0.066703 0.202581 0.065976
10 0.161032 0.307525 0.16 0.306071 0.163613 0.304435 0.164387 0.305707
10 0.206194 0.06434 0.207742 0.064885 0.206194 0.067248 0.204645 0.066885
10 0.212387 0.065613 0.214194 0.066158 0.212387 0.068339 0.210839 0.067612
10 0.231226 0.185569 0.233032 0.186114 0.231742 0.188659 0.229935 0.188113
10 0.235871 0.192475 0.234581 0.191385 0.237677 0.189022 0.239226 0.190294
10 0.244645 0.194111 0.246452 0.194293 0.244903 0.197383 0.243097 0.197019
10 0.241548 0.193202 0.243355 0.193566 0.242323 0.196292 0.240516 0.195747
9 0.368 0.347146 0.370581 0.346601 0.371355 0.351509 0.368774 0.35169
10 0.109677 0.33715 0.109419 0.335696 0.113806 0.334606 0.114065 0.33606
10 0.072516 0.305707 0.070452 0.304798 0.072516 0.302617 0.074065 0.303162
10 0.123097 0.336605 0.122323 0.335514 0.126968 0.333697 0.128 0.335151
10 0.099097 0.342421 0.098839 0.34133 0.102194 0.340603 0.10271 0.341876
10 0.103742 0.341512 0.102968 0.34024 0.107355 0.339149 0.107871 0.340603
10 0.082323 0.282988 0.084387 0.283533 0.082065 0.286441 0.08 0.285896
10 0.088774 0.284442 0.090581 0.285169 0.089032 0.287895 0.087226 0.28735
10 0.010839 0.335333 0.011355 0.333879 0.016258 0.334969 0.015742 0.336423
10 0.027355 0.32988 0.027871 0.328426 0.03329 0.328971 0.033032 0.330244
10 0.376516 0.413123 0.378323 0.413486 0.377032 0.416031 0.375226 0.415667
10 0.374968 0.42112 0.376258 0.422028 0.373161 0.423846 0.371355 0.422937
10 0.491355 0.291349 0.491871 0.292621 0.488 0.292984 0.487484 0.291894
10 0.288 0.205743 0.288774 0.204653 0.292903 0.206107 0.292129 0.207197
10 0.174194 0.270629 0.174968 0.269538 0.179613 0.270265 0.179097 0.271719
10 0.225548 0.262087 0.224 0.262995 0.220903 0.260632 0.22271 0.259542
10 0.216 0.222646 0.218065 0.222828 0.217806 0.225373 0.215484 0.225191
10 0.188129 0.217375 0.188903 0.216467 0.193032 0.217739 0.192258 0.21883
10 0.334452 0.281352 0.332645 0.28117 0.332645 0.277717 0.334452 0.277717
10 0.331097 0.280989 0.329032 0.280625 0.329806 0.277535 0.331613 0.277717
10 0.32671 0.267721 0.328516 0.268448 0.326968 0.270992 0.324903 0.270265
10 0.236129 0.310614 0.236903 0.308979 0.24129 0.310251 0.240516 0.311705
10 0.274581 0.334969 0.275355 0.333879 0.278968 0.335151 0.278194 0.336423
10 0.268903 0.333333 0.269419 0.332425 0.27329 0.333515 0.272516 0.334424
10 0.262968 0.331698 0.263484 0.330607 0.267097 0.331879 0.266839 0.33297
10 0.258581 0.330244 0.259355 0.329517 0.262452 0.330607 0.261935 0.331334
10 0.252903 0.328971 0.253677 0.327699 0.257548 0.32879 0.257032 0.330062
10 0.24671 0.326972 0.247226 0.325881 0.250839 0.326972 0.250065 0.328244
10 0.241806 0.3257 0.242323 0.324791 0.245935 0.325518 0.245677 0.326609
10 0.236387 0.324246 0.237161 0.322973 0.240516 0.324064 0.24 0.325154
10 0.231742 0.322792 0.232258 0.321519 0.236387 0.322792 0.235613 0.323882
10 0.204903 0.272083 0.203355 0.271538 0.205161 0.268811 0.206968 0.269357
10 0.201548 0.27281 0.202839 0.273719 0.199742 0.275536 0.198452 0.274627
10 0.155097 0.308433 0.156129 0.309706 0.15329 0.310978 0.152516 0.309706
10 0.234065 0.203381 0.234581 0.20229 0.238452 0.203381 0.237677 0.204653
10 0.22529 0.21574 0.225806 0.214649 0.23071 0.216103 0.230194 0.217194
10 0.226581 0.214104 0.227097 0.212832 0.231484 0.214467 0.23071 0.215558
10 0.227871 0.212832 0.228129 0.211923 0.232258 0.213013 0.232 0.214104
10 0.234065 0.210105 0.233548 0.211014 0.229419 0.20956 0.230194 0.208651
10 0.230968 0.207924 0.231484 0.207016 0.235613 0.208288 0.234839 0.209378
10 0.232516 0.206834 0.233032 0.205743 0.236903 0.206834 0.236129 0.207743
10 0.23329 0.205198 0.234323 0.204471 0.237161 0.205925 0.236387 0.206652
10 0.234839 0.201563 0.235613 0.200654 0.239226 0.201927 0.23871 0.202835
10 0.332645 0.294257 0.332129 0.295165 0.328 0.294075 0.328774 0.292984
10 0.235871 0.200109 0.236387 0.199019 0.24 0.200654 0.239484 0.201563
10 0.282065 0.217375 0.282839 0.216103 0.286452 0.217194 0.285677 0.218648
10 0.283097 0.215376 0.283613 0.214286 0.287484 0.215376 0.286452 0.216648
10 0.282323 0.218103 0.285419 0.219011 0.284903 0.220284 0.281806 0.219193
10 0.284903 0.262814 0.286968 0.263541 0.285419 0.266267 0.283613 0.265722
10 0.269935 0.271901 0.270194 0.273173 0.265806 0.273719 0.265548 0.272446
10 0.317161 0.300618 0.317935 0.299709 0.322323 0.300981 0.321806 0.302072
10 0.230968 0.321338 0.230452 0.322246 0.226065 0.321338 0.226839 0.319884
10 0.21471 0.320247 0.214452 0.318793 0.218581 0.318248 0.218839 0.319702
10 0.220645 0.320247 0.220903 0.319157 0.224516 0.31952 0.224258 0.320792
10 0.222968 0.612868 0.224258 0.612141 0.226323 0.614504 0.225032 0.615231
10 0.225806 0.610142 0.227097 0.609415 0.229677 0.611778 0.228387 0.612686
10 0.228645 0.607415 0.230452 0.606507 0.233548 0.609233 0.231742 0.60996
10 0.23071 0.606325 0.232258 0.605416 0.234839 0.607597 0.233548 0.608506
10 0.232774 0.605053 0.233806 0.604507 0.236645 0.60687 0.235613 0.607415
10 0.234323 0.60378 0.235355 0.602872 0.238194 0.604689 0.236645 0.60578
10 0.237419 0.601054 0.23871 0.600509 0.241032 0.60269 0.239484 0.603417
10 0.239742 0.600327 0.24129 0.599418 0.243613 0.601599 0.242065 0.60269
10 0.381419 0.400945 0.382968 0.401127 0.382194 0.40458 0.380645 0.404398
10 0.129806 0.64831 0.129032 0.649764 0.125161 0.649037 0.125935 0.647583
10 0.366452 0.402763 0.368 0.402763 0.367484 0.405671 0.365677 0.405489
10 0.379097 0.409851 0.380129 0.411123 0.376774 0.412759 0.375484 0.411487
10 0.403871 0.185024 0.404903 0.18357 0.410065 0.185205 0.409548 0.186659
10 0.403613 0.187386 0.404645 0.185932 0.409548 0.18775 0.408516 0.189022
10 0.487484 0.282261 0.487484 0.284079 0.482581 0.284624 0.482065 0.282988
10 0.488516 0.284987 0.488516 0.286078 0.484387 0.286805 0.484129 0.285714
10 0.490581 0.289349 0.491355 0.29044 0.486452 0.291167 0.486194 0.289895
10 0.218839 0.609415 0.220387 0.608324 0.223226 0.611414 0.221161 0.612141
10 0.122065 0.644493 0.12 0.643039 0.123613 0.640858 0.125419 0.64213
10 0.290839 0.369684 0.292645 0.369502 0.293935 0.372592 0.291871 0.372774
10 0.203097 0.535805 0.203097 0.537259 0.198968 0.536896 0.199484 0.535623
10 0.292387 0.374046 0.293935 0.373682 0.29471 0.376772 0.293161 0.376954
10 0.293161 0.377681 0.295226 0.377681 0.295484 0.380407 0.293935 0.380589
10 0.294194 0.381861 0.296258 0.381498 0.297032 0.384951 0.295226 0.385496
10 0.29471 0.385678 0.297032 0.385496 0.297806 0.388768 0.295742 0.388949
10 0.218839 0.539985 0.218323 0.538531 0.222194 0.538168 0.222452 0.539622
10 0.217032 0.53835 0.217032 0.53944 0.212645 0.539258 0.212645 0.537986
10 0.203097 0.537804 0.203613 0.536532 0.207742 0.537441 0.207226 0.538531
10 0.230452 0.566521 0.231226 0.567794 0.227355 0.568702 0.226581 0.56743
10 0.167742 0.604144 0.16929 0.604689 0.167742 0.607052 0.166194 0.606688
10 0.167226 0.567794 0.166452 0.568702 0.162323 0.56743 0.162839 0.566521
10 0.152 0.572337 0.151226 0.573428 0.146839 0.572156 0.147355 0.571065
10 0.239742 0.577063 0.240774 0.578699 0.237161 0.579789 0.236387 0.578335
10 0.234065 0.579426 0.234581 0.58088 0.230968 0.581607 0.230452 0.579971
10 0.22529 0.593784 0.225548 0.595238 0.220903 0.595602 0.221161 0.594148
10 0.220645 0.593966 0.220387 0.595602 0.215742 0.595965 0.215742 0.594329
10 0.170323 0.604689 0.172387 0.605598 0.170581 0.608142 0.168774 0.607415
10 0.289548 0.203926 0.290065 0.202835 0.294194 0.204108 0.293677 0.205562
10 0.298323 0.210651 0.299097 0.209378 0.30271 0.210469 0.301935 0.211741
10 0.372645 0.424936 0.374194 0.425845 0.371871 0.428026 0.370065 0.427299
10 0.259355 0.011269 0.260903 0.011814 0.259613 0.01454 0.257806 0.013995
10 0.348903 0.45438 0.350968 0.454925 0.348903 0.458561 0.346581 0.457834
10 0.357419 0.45438 0.36 0.454562 0.358968 0.458561 0.356645 0.458197
10 0.342452 0.455107 0.344774 0.456016 0.34271 0.458924 0.340387 0.458197
10 0.343484 0.458197 0.34529 0.458742 0.344 0.462196 0.341935 0.461832
10 0.345548 0.461287 0.347871 0.462377 0.345806 0.465285 0.343742 0.464377
10 0.349935 0.461832 0.351742 0.462014 0.350194 0.465285 0.348645 0.465104
10 0.337548 0.462559 0.339355 0.463286 0.337032 0.466376 0.335226 0.465649
10 0.344774 0.468012 0.346839 0.468557 0.345032 0.471283 0.342968 0.470556
10 0.341935 0.467103 0.343742 0.467285 0.342194 0.470374 0.340387 0.470011
10 0.338065 0.467103 0.340387 0.467648 0.338581 0.470193 0.336258 0.469829
10 0.346581 0.472192 0.349161 0.472737 0.347097 0.475463 0.345032 0.475282
10 0.341677 0.474918 0.343742 0.474918 0.344 0.477644 0.341677 0.477644
10 0.339355 0.476917 0.341677 0.47819 0.339097 0.481098 0.336774 0.480371
10 0.336774 0.474009 0.339097 0.474736 0.336774 0.477826 0.335226 0.477463
10 0.333935 0.478735 0.336258 0.478917 0.335226 0.48237 0.332903 0.482007
10 0.341419 0.480371 0.344 0.480916 0.342194 0.483642 0.340129 0.483279
10 0.33471 0.484551 0.336774 0.485278 0.335226 0.488186 0.333677 0.487641
10 0.346839 0.448201 0.348903 0.448928 0.346839 0.452563 0.344258 0.452017
10 0.353548 0.451109 0.355871 0.451836 0.35329 0.455107 0.351226 0.454017
10 0.362065 0.448201 0.362323 0.449473 0.357935 0.449836 0.357419 0.448382
10 0.367742 0.438568 0.368 0.440022 0.363613 0.440931 0.363097 0.439477
10 0.368516 0.424209 0.370581 0.424573 0.36929 0.427663 0.367484 0.427117
10 0.365161 0.423301 0.366968 0.423664 0.365677 0.426209 0.363871 0.426027
10 0.363097 0.421847 0.364903 0.422392 0.363097 0.4253 0.361032 0.424391
10 0.358194 0.422392 0.36 0.422574 0.35871 0.425845 0.356903 0.425118
10 0.371871 0.429844 0.372903 0.431298 0.369548 0.432388 0.368 0.431116
10 0.370323 0.432388 0.372129 0.433115 0.369548 0.435478 0.367742 0.434751
10 0.36929 0.435842 0.370581 0.436932 0.367484 0.43875 0.365935 0.437659
10 0.359226 0.428935 0.361806 0.428935 0.361548 0.432206 0.359226 0.432025
10 0.356645 0.445293 0.358452 0.44602 0.356387 0.448928 0.354323 0.448019
10 0.363613 0.428208 0.365677 0.428935 0.363613 0.431298 0.362323 0.430571
10 0.36129 0.436205 0.363355 0.43675 0.362065 0.43984 0.359742 0.439477
10 0.35871 0.441658 0.360774 0.442566 0.358968 0.445293 0.356645 0.444566
10 0.355613 0.439658 0.357419 0.440749 0.353806 0.443839 0.351742 0.442566
10 0.361548 0.44402 0.364387 0.444384 0.363613 0.447837 0.360774 0.447474
10 0.349161 0.441658 0.350968 0.442203 0.349161 0.445656 0.346839 0.445111
10 0.353032 0.443839 0.355613 0.444202 0.353548 0.44711 0.351742 0.446747
10 0.339097 0.485823 0.340645 0.486369 0.339097 0.489095 0.337032 0.488368
10 0.330323 0.487277 0.332903 0.48655 0.334968 0.489822 0.332129 0.490549
10 0.330839 0.495093 0.332903 0.495093 0.332903 0.498364 0.330323 0.498182
0 0.748129 0.416758 0.760258 0.395493 0.798968 0.404762 0.786581 0.426936
10 0.170581 0.61414 0.173161 0.614686 0.171613 0.617594 0.16929 0.616867
10 0.175484 0.606507 0.17729 0.60687 0.176 0.609778 0.173935 0.609233
10 0.173419 0.605416 0.175484 0.605961 0.173935 0.609051 0.171871 0.608506
10 0.159226 0.601418 0.161032 0.601963 0.159226 0.604689 0.157677 0.604326
10 0.163097 0.304253 0.161548 0.302799 0.166194 0.301163 0.166968 0.302254
0 0.827097 0.324791 0.837419 0.302435 0.875355 0.310614 0.86271 0.333152
0 0.812903 0.349146 0.824258 0.327154 0.860903 0.336241 0.848516 0.358052
0 0.705032 0.451472 0.716903 0.428026 0.75329 0.434933 0.74271 0.459106
10 0.161548 0.612323 0.163613 0.613232 0.161548 0.615594 0.159742 0.615231
10 0.164903 0.05598 0.162839 0.055434 0.164903 0.05289 0.16671 0.053435
2 0.065548 0.29153 0.08 0.29153 0.08 0.300254 0.065548 0.300254
10 0.164129 0.606143 0.161548 0.605598 0.164129 0.602508 0.165935 0.603417
10 0.370065 0.41912 0.372129 0.419484 0.371613 0.422574 0.369032 0.422028
9 0.363355 0.431661 0.366452 0.432025 0.365677 0.435842 0.362581 0.43566
10 0.162323 0.055253 0.160774 0.054889 0.162581 0.052163 0.164129 0.052526
10 0.158194 0.061796 0.156645 0.06125 0.158452 0.058888 0.160258 0.059615
10 0.163613 0.61305 0.165677 0.613777 0.164129 0.61614 0.162065 0.615776
10 0.159226 0.611596 0.161032 0.612141 0.158968 0.615049 0.157419 0.614686
10 0.328774 0.498546 0.330581 0.5 0.326968 0.501999 0.325161 0.500909
10 0.300903 0.519993 0.30271 0.521265 0.299097 0.523628 0.297806 0.522537
10 0.322323 0.500545 0.323871 0.500727 0.322065 0.50418 0.32 0.503635
10 0.323871 0.503453 0.325935 0.503817 0.324645 0.50727 0.322581 0.507088
10 0.320516 0.508724 0.322839 0.509996 0.320258 0.512177 0.318194 0.511269
10 0.317419 0.515085 0.319226 0.516358 0.315871 0.51872 0.314065 0.517812
10 0.313032 0.51872 0.315355 0.519447 0.313548 0.522174 0.311226 0.521447
10 0.305806 0.521628 0.308387 0.522356 0.306065 0.5249 0.304 0.524355
10 0.309419 0.524718 0.31071 0.526354 0.307355 0.52799 0.306323 0.526899
10 0.298839 0.524537 0.301161 0.525082 0.299097 0.527626 0.297548 0.527081
10 0.156645 0.610869 0.158452 0.611414 0.156903 0.614322 0.154839 0.613959
10 0.300645 0.526536 0.303226 0.527626 0.301161 0.529989 0.299097 0.529262
10 0.298581 0.532897 0.300129 0.534169 0.296258 0.536169 0.294452 0.53526
10 0.29471 0.537986 0.297032 0.538895 0.29471 0.541439 0.292387 0.540531
10 0.232 0.591967 0.232516 0.593784 0.227355 0.594875 0.227097 0.593239
10 0.243871 0.589059 0.244903 0.590513 0.240516 0.591967 0.239226 0.590694
10 0.249806 0.587605 0.251355 0.588513 0.247742 0.590331 0.246194 0.589604
10 0.238452 0.590694 0.238968 0.591967 0.234323 0.593057 0.233806 0.591421
0 0.162839 0.805344 0.174968 0.785533 0.209806 0.793893 0.194839 0.815158
